1000
59 75
53 72
48 117
45 76
101 57
67 34
22 87
43 92
68 22
92 44
105 104
93 31
52 104
93 10
95 79
106 56
83 77
44 25
81 119
37 105
44 12
120 26
15 120
16 39
26 21
46 21
48 85
44 76
108 118
58 79
72 22
93 36
50 99
107 53
18 10
94 52
32 94
72 82
40 12
60 104
25 105
44 43
20 89
44 44
45 17
101 20
54 61
65 76
52 67
73 45
49 11
14 56
68 45
46 35
81 28
11 72
118 40
118 83
14 117
112 67
101 23
28 106
92 27
83 100
64 20
103 84
62 93
119 104
11 92
46 82
106 79
111 72
24 29
76 72
112 39
41 91
37 73
37 89
31 86
87 72
29 35
29 43
27 56
73 34
91 73
99 23
84 102
84 115
37 115
12 79
60 57
11 85
64 63
81 14
28 35
19 25
23 37
51 69
35 79
75 99
117 37
62 58
100 95
85 32
47 25
43 74
52 61
37 47
76 48
22 29
115 28
23 81
53 48
110 57
41 93
63 49
69 113
40 56
51 99
69 91
98 17
33 42
53 56
108 40
28 55
57 113
44 11
37 59
100 28
89 16
52 47
31 45
94 59
71 109
31 18
47 86
50 55
86 118
93 96
66 99
62 45
19 115
65 99
85 33
15 116
70 116
33 44
72 17
104 116
43 119
118 42
78 59
33 42
49 62
46 55
14 111
80 38
42 107
15 108
10 52
48 119
97 98
88 15
83 82
93 91
63 66
31 53
10 107
53 41
28 45
46 119
11 111
15 57
33 30
113 31
22 112
56 66
116 42
76 87
42 68
103 59
80 36
46 77
32 12
67 12
85 66
114 50
77 98
89 37
43 13
41 71
17 68
72 22
17 63
115 94
20 111
86 73
68 108
89 42
13 80
62 92
32 68
116 59
101 17
80 12
102 48
98 49
87 30
92 116
79 53
33 28
110 35
114 114
39 14
34 85
53 61
87 74
77 30
74 56
97 94
16 11
96 43
59 74
40 74
47 98
32 78
33 52
86 118
87 115
32 54
99 43
29 60
62 86
108 101
78 28
98 48
23 87
19 21
107 13
120 64
14 102
97 44
26 110
62 14
119 43
90 35
71 105
37 53
83 70
66 105
11 60
47 37
28 116
81 105
29 83
68 117
113 114
80 70
53 80
29 56
51 47
33 22
44 89
98 72
86 28
111 15
13 95
30 97
111 58
59 116
54 48
69 109
75 30
20 57
27 44
41 60
50 80
52 52
73 21
13 37
104 63
31 19
48 93
96 32
17 59
15 25
112 83
116 21
94 54
25 36
27 14
85 108
106 58
23 113
31 15
20 13
89 98
63 73
76 80
91 63
49 86
33 46
24 46
86 67
44 55
108 12
115 88
28 43
76 70
47 84
17 17
96 16
72 31
36 107
74 70
79 65
56 25
64 29
38 89
59 96
55 103
15 82
58 106
29 27
15 36
93 36
51 64
66 104
82 108
23 33
118 93
31 115
42 94
72 40
92 75
113 17
80 64
77 102
106 104
58 75
101 88
58 88
88 108
118 116
57 51
76 49
28 114
91 34
70 104
91 68
118 10
95 112
60 15
110 38
56 55
95 52
30 111
117 70
59 53
62 28
94 56
10 30
109 97
71 60
96 28
85 33
57 20
38 112
61 25
11 48
76 89
22 51
61 109
89 102
78 103
33 35
45 30
63 24
54 65
54 90
110 115
118 73
116 26
61 46
60 87
75 22
61 60
54 20
101 41
67 111
64 65
54 31
115 51
71 88
92 32
66 26
49 40
40 66
113 76
67 104
77 46
101 32
16 111
98 91
105 120
81 104
47 47
109 54
11 84
96 69
92 29
115 63
118 116
100 52
91 103
49 42
42 36
54 36
89 19
31 89
87 85
96 78
17 112
33 18
47 82
72 72
72 12
72 37
41 120
117 47
41 42
103 16
49 103
36 20
38 74
107 118
40 65
74 113
68 77
95 42
36 118
97 10
88 53
18 30
116 27
104 71
35 73
72 91
81 118
87 79
96 47
34 91
104 43
37 55
51 102
62 10
110 51
24 45
90 89
111 106
120 92
15 92
19 51
118 20
42 117
40 62
108 48
87 46
86 101
118 61
69 103
35 99
98 66
13 76
70 25
67 59
14 27
78 84
34 17
104 63
94 43
109 13
77 27
14 39
102 115
100 83
59 85
61 119
97 34
30 87
54 28
48 105
71 79
23 112
64 78
22 116
29 78
100 119
38 24
91 56
58 106
84 53
53 40
19 36
32 112
58 96
78 14
114 32
104 111
18 97
33 87
47 118
75 77
106 118
72 40
85 31
63 21
21 108
106 62
86 49
75 52
37 57
22 73
70 98
70 81
92 40
116 89
54 15
95 119
30 77
79 19
74 109
33 24
84 25
16 81
115 28
91 13
23 20
92 106
64 15
67 31
29 112
89 58
111 118
104 79
48 63
82 72
83 10
86 91
11 75
66 55
28 23
65 85
40 33
85 59
70 54
62 23
26 93
33 29
67 17
98 59
16 114
24 101
114 65
103 52
30 39
90 39
89 86
102 71
69 118
114 108
11 38
115 77
41 40
94 85
54 95
51 116
115 29
60 14
120 49
16 18
56 55
17 108
33 113
45 38
115 98
56 46
86 13
78 62
113 58
25 82
28 92
50 120
85 14
63 75
99 119
54 39
30 119
13 34
33 70
72 76
19 49
20 26
107 79
115 85
89 50
112 58
31 92
96 81
78 119
109 23
68 105
59 57
68 50
91 28
91 15
53 110
33 40
72 21
54 88
108 44
106 86
40 67
83 91
38 111
117 108
27 80
65 112
78 48
60 70
95 119
102 58
118 47
102 54
18 93
35 115
107 54
74 36
73 40
40 110
89 71
14 60
84 42
84 43
110 13
69 110
26 81
114 101
79 58
91 36
69 24
92 84
90 95
116 113
25 114
88 97
58 56
103 32
46 31
91 83
28 31
114 13
59 58
79 63
88 28
44 90
112 85
29 110
76 15
96 75
76 41
43 96
112 64
119 68
39 65
36 120
62 119
51 51
99 82
46 108
104 57
92 32
47 36
26 56
113 83
35 107
115 13
33 36
99 114
10 26
114 69
87 102
76 67
105 57
43 18
51 110
87 50
54 41
79 72
10 27
33 67
44 107
75 25
50 66
90 111
28 89
59 12
41 54
46 105
39 41
112 116
32 100
119 38
29 68
100 23
85 55
58 31
97 37
109 84
33 70
21 106
50 66
39 100
50 42
96 97
43 97
31 43
112 109
46 84
73 53
119 24
43 73
38 73
75 61
105 103
108 94
76 75
62 102
102 48
62 87
23 78
119 80
87 62
115 102
32 110
110 72
115 23
96 78
15 44
117 77
24 34
86 117
97 120
80 64
99 47
68 106
52 65
94 88
107 44
118 25
13 103
100 37
60 79
87 89
58 65
115 26
23 89
33 75
67 24
60 38
73 59
80 23
62 89
92 14
22 68
101 42
101 108
41 48
90 92
96 60
88 73
47 46
53 90
108 35
65 46
68 111
30 107
67 104
117 31
118 104
38 33
103 94
85 107
12 29
76 67
57 72
33 14
79 117
51 99
101 24
86 22
93 58
18 99
108 21
108 112
71 95
80 96
75 32
115 109
91 96
92 69
81 33
110 12
90 52
32 96
19 41
105 34
75 72
76 25
104 115
54 73
96 97
38 30
20 85
86 107
70 119
17 72
112 37
25 75
85 44
113 49
43 83
54 72
85 64
80 69
12 90
15 23
83 78
98 16
36 107
118 95
100 75
113 18
54 16
112 94
86 17
68 91
84 116
57 60
111 106
100 23
95 32
50 29
110 85
109 28
26 119
36 95
116 69
111 60
117 107
79 18
44 82
25 17
44 53
69 75
71 15
36 96
102 102
107 71
71 116
107 100
45 37
105 83
101 87
99 53
53 103
13 92
48 22
15 41
112 64
30 13
54 70
38 20
93 64
103 109
60 36
46 112
10 95
57 74
104 107
29 27
52 117
53 106
28 102
33 120
58 89
48 46
86 87
82 98
119 30
77 64
34 15
93 52
61 16
15 80
94 41
71 61
76 92
99 97
45 74
71 73
109 98
87 85
76 96
100 89
33 93
46 10
69 87
18 45
62 107
101 61
83 38
37 40
69 88
28 107
35 22
43 35
81 105
118 96
74 72
65 19
103 102
89 62
37 13
72 73
44 78
48 110
65 119
24 26
72 114
63 27
17 117
97 27
71 26
29 86
49 61
119 117
54 66
44 73
113 111
45 84
93 39
111 15
114 61
71 116
106 77
23 71
109 114
119 17
47 69
78 107
41 51
95 64
45 37
85 80
89 97
107 25
37 111
69 116
30 19
69 118
45 65
109 82
58 41
15 71
97 92
102 13
116 15
51 84
19 44
87 44
49 14
56 117
39 104
98 68
61 110
16 111
23 24
14 66
43 69
35 109
104 109
64 91
46 97
91 16
22 12
81 62
83 13
63 63
66 58